              precision    recall  f1-score   support

           0       0.67      0.89      0.77      2961
           1       0.63      0.97      0.76      3423
           2       0.65      0.60      0.62      2948
           3       0.63      0.63      0.63      3073
           4       0.57      0.63      0.60      2926
           5       0.67      0.35      0.46      2709
           6       0.68      0.84      0.75      2975
           7       0.64      0.84      0.73      3107
           8       0.70      0.23      0.34      2875
           9       0.68      0.37      0.48      3003

    accuracy                           0.65     30000
   macro avg       0.65      0.64      0.61     30000
weighted avg       0.65      0.65      0.62     30000
